0
1
2
3
4
5
6
7
8
9
10
11
12
13
14
15
16
17
18
19
20
21
22
23
24
25
26
27
28
29
30
31
32
33
34
35
36
37
38
39
40
41
42
43
44
45
46
47
48
49
50
51
52
53
54
55
56
57
58
59
60
61
62
63
64
65
66
67
68
69
70
71
72
73
74
75
76
77
78
79
80
81
82
83
84
85
86
87
88
89
90
91
92
93
94
95
96
97
98
99
100
101
102
103
104
105
106
107
108
109
110
111
112
113
114
115
116
117
118
119
120
121
122
123
124
125
126
127
128
129
130
131
132
133
134
135
136
137
138
139
140
141
142
143
144
145
146
147
148
149
150
151
152
153
154
155
156
157
158
159
160
161
162
163
164
165
166
167
168
169
170
171
172
173
174
175
176
177
178
179
180
181
182
183
184
185
186
187
188
189
190
191
192
193
194
195
196
197
198
199
200
201
202
203
204
205
206
207
208
209
210
211
212
213
214
215
216
217
218
220
221
222
225
227
229
230
231
235
239
240
242
243
245
248
250
251
255
256
261
267
270
273
276
285
295
300
304
313
328
334
336
343
350
352
360
361
364
365
366
383
384
386
390
396
400
404
418
432
433
440
441
450
451
463
464
470
480
490
493
496
500
511
525
536
538
550
555
562
587
600
613
614
626
649
666
693
695
712
714
720
729
749
755
850
911
1000
1300
1337
1500
1631
1700
1728
1729
1979
1982
2380
2500
2600
2701
3000
3585
4000
4200
5000
5200
5300
5600
6800
6909
8000
8674
9801
